C100|0|1|
C100|1|3|24,00|
C100|2|4|32,00|
C100|3|5|40,00|
C100|4|6|48,00|
C100|5|7|56,00|
C100|6|8|64,00|
C100|7|9|72,00|
C100|8|10|80,00|
C100|9|11|88,00|
C100|10|12|96,00|
C100|11|13|104,00|
C190|0|1|
C190|0|0|UN|1|3|24,00|0|0|
C190|0|0|UN|2|4|32,00|0|0|
C190|0|0|UN|3|5|40,00|0|0|
C190|0|0|UN|4|6|48,00|0|0|
C190|0|0|UN|5|7|56,00|0|0|
C190|0|0|UN|6|8|64,00|0|0|
C190|0|0|UN|7|9|72,00|0|0|
C190|0|0|UN|8|10|80,00|0|0|
C190|0|0|UN|9|11|88,00|0|0|
C190|0|0|UN|10|12|96,00|0|0|
C190|0|0|UN|11|13|104,00|0|0|
